{
 "cells": [
  {
   "cell_type": "code",
   "execution_count": 12,
   "metadata": {},
   "outputs": [],
   "source": [
    "import re"
   ]
  },
  {
   "cell_type": "code",
   "execution_count": 13,
   "metadata": {},
   "outputs": [
    {
     "name": "stdout",
     "output_type": "stream",
     "text": [
      "*** Added sample 1, p_x = 0.282, p_y = 0.317, p_size = 0.159, skew = 0.287\n",
      "*** Added sample 2, p_x = 0.279, p_y = 0.315, p_size = 0.159, skew = 0.086\n",
      "*** Added sample 3, p_x = 0.339, p_y = 0.314, p_size = 0.133, skew = 0.717\n",
      "*** Added sample 4, p_x = 0.578, p_y = 0.501, p_size = 0.241, skew = 0.219\n",
      "*** Added sample 5, p_x = 0.546, p_y = 0.327, p_size = 0.166, skew = 0.385\n",
      "*** Added sample 6, p_x = 0.527, p_y = 0.435, p_size = 0.198, skew = 0.012\n",
      "*** Added sample 7, p_x = 0.575, p_y = 0.341, p_size = 0.205, skew = 0.073\n",
      "*** Added sample 8, p_x = 0.663, p_y = 0.286, p_size = 0.210, skew = 0.135\n",
      "*** Added sample 9, p_x = 0.802, p_y = 0.246, p_size = 0.235, skew = 0.188\n",
      "*** Added sample 10, p_x = 0.698, p_y = 0.245, p_size = 0.207, skew = 0.279\n",
      "*** Added sample 11, p_x = 0.707, p_y = 0.156, p_size = 0.255, skew = 0.177\n",
      "*** Added sample 12, p_x = 0.718, p_y = 0.191, p_size = 0.340, skew = 0.256\n",
      "*** Added sample 13, p_x = 0.748, p_y = 0.202, p_size = 0.483, skew = 0.214\n",
      "*** Added sample 14, p_x = 0.389, p_y = 0.240, p_size = 0.471, skew = 0.242\n",
      "*** Added sample 15, p_x = 0.230, p_y = 0.263, p_size = 0.446, skew = 0.238\n",
      "*** Added sample 16, p_x = 0.291, p_y = 0.364, p_size = 0.435, skew = 0.210\n",
      "*** Added sample 17, p_x = 0.271, p_y = 0.497, p_size = 0.432, skew = 0.156\n",
      "*** Added sample 18, p_x = 0.238, p_y = 0.629, p_size = 0.422, skew = 0.126\n",
      "*** Added sample 19, p_x = 0.364, p_y = 0.626, p_size = 0.363, skew = 0.065\n",
      "*** Added sample 20, p_x = 0.474, p_y = 0.604, p_size = 0.301, skew = 0.046\n",
      "*** Added sample 21, p_x = 0.581, p_y = 0.589, p_size = 0.235, skew = 0.034\n",
      "*** Added sample 22, p_x = 0.919, p_y = 0.556, p_size = 0.247, skew = 0.111\n",
      "*** Added sample 23, p_x = 0.893, p_y = 0.672, p_size = 0.247, skew = 0.050\n",
      "*** Added sample 24, p_x = 0.866, p_y = 0.828, p_size = 0.244, skew = 0.035\n",
      "*** Added sample 25, p_x = 0.880, p_y = 0.782, p_size = 0.244, skew = 0.182\n",
      "*** Added sample 26, p_x = 0.906, p_y = 0.720, p_size = 0.242, skew = 0.312\n",
      "*** Added sample 27, p_x = 0.893, p_y = 0.691, p_size = 0.228, skew = 0.466\n",
      "*** Added sample 28, p_x = 0.889, p_y = 0.690, p_size = 0.214, skew = 0.658\n",
      "*** Added sample 29, p_x = 0.879, p_y = 0.553, p_size = 0.202, skew = 1.000\n",
      "*** Added sample 30, p_x = 0.849, p_y = 0.539, p_size = 0.199, skew = 0.770\n",
      "*** Added sample 31, p_x = 0.845, p_y = 0.540, p_size = 0.210, skew = 0.501\n",
      "*** Added sample 32, p_x = 0.669, p_y = 0.505, p_size = 0.295, skew = 0.336\n",
      "*** Added sample 33, p_x = 0.629, p_y = 0.540, p_size = 0.304, skew = 0.112\n",
      "*** Added sample 34, p_x = 0.653, p_y = 0.492, p_size = 0.229, skew = 0.484\n",
      "*** Added sample 35, p_x = 0.206, p_y = 0.356, p_size = 0.298, skew = 0.132\n",
      "*** Added sample 36, p_x = 0.400, p_y = 0.353, p_size = 0.304, skew = 0.102\n",
      "*** Added sample 37, p_x = 0.627, p_y = 0.302, p_size = 0.321, skew = 0.057\n",
      "*** Added sample 38, p_x = 0.798, p_y = 0.280, p_size = 0.333, skew = 0.041\n",
      "*** Added sample 39, p_x = 0.937, p_y = 0.386, p_size = 0.346, skew = 0.031\n",
      "*** Added sample 40, p_x = 0.935, p_y = 0.590, p_size = 0.352, skew = 0.020\n",
      "*** Added sample 41, p_x = 0.924, p_y = 0.787, p_size = 0.350, skew = 0.015\n",
      "*** Added sample 42, p_x = 0.931, p_y = 0.236, p_size = 0.338, skew = 0.078\n",
      "*** Added sample 43, p_x = 0.855, p_y = 0.146, p_size = 0.336, skew = 0.149\n",
      "*** Added sample 44, p_x = 0.566, p_y = 0.111, p_size = 0.301, skew = 0.222\n",
      "*** Added sample 45, p_x = 0.413, p_y = 0.139, p_size = 0.275, skew = 0.295\n",
      "*** Added sample 46, p_x = 0.278, p_y = 0.165, p_size = 0.254, skew = 0.336\n",
      "*** Added sample 47, p_x = 0.204, p_y = 0.245, p_size = 0.251, skew = 0.268\n",
      "*** Added sample 48, p_x = 0.439, p_y = 0.310, p_size = 0.291, skew = 0.212\n",
      "*** Added sample 49, p_x = 0.867, p_y = 0.286, p_size = 0.345, skew = 0.190\n",
      "*** Added sample 50, p_x = 0.617, p_y = 0.366, p_size = 0.135, skew = 0.182\n",
      "*** Added sample 51, p_x = 0.462, p_y = 0.357, p_size = 0.138, skew = 0.049\n",
      "*** Added sample 52, p_x = 0.170, p_y = 0.381, p_size = 0.154, skew = 0.176\n",
      "*** Added sample 53, p_x = 0.147, p_y = 0.415, p_size = 0.149, skew = 0.023\n",
      "*** Added sample 54, p_x = 0.713, p_y = 0.417, p_size = 0.175, skew = 0.037\n",
      "\n",
      "Left:\n",
      "('D = ', [-0.04680376751151108, 0.09503883248971673, 0.005402247132862655, 0.0016479304154461743, 0.0])\n",
      "('K = ', [587.9320613372628, 0.0, 315.7044820449449, 0.0, 589.7397512183355, 267.24439992910226, 0.0, 0.0, 1.0])\n",
      "('R = ', [0.9994483128381095, 0.022855438257792612, 0.024097695057835947, -0.022830659359923188, 0.9997384974960984, -0.0013029264885395916, -0.024121172406153323, 0.0007520414134982398, 0.9997087593271676])\n",
      "('P = ', [674.4398981312364, 0.0, 299.8340263366699, 0.0, 0.0, 674.4398981312364, 263.81041717529297, 0.0, 0.0, 0.0, 1.0, 0.0])\n",
      "\n",
      "Right:\n",
      "('D = ', [0.1380306130569185, -0.18300325583863, 0.004718527434902816, -0.00411822836928336, 0.0])\n",
      "('K = ', [605.5855874503733, 0.0, 309.4095113758397, 0.0, 607.3192665239299, 257.13257265775786, 0.0, 0.0, 1.0])\n",
      "('R = ', [0.9991271141526081, 0.04016771433482709, 0.01147015650272077, -0.04017948271726199, 0.9991921604247581, 0.0007973169241403996, -0.011428864057920457, -0.0012574859124467712, 0.9999338977130066])\n",
      "('P = ', [674.4398981312364, 0.0, 299.8340263366699, -16.23384926771297, 0.0, 674.4398981312364, 263.81041717529297, 0.0, 0.0, 0.0, 1.0, 0.0])\n",
      "('self.T ', [-0.02404910951350979, -0.0009668417033851989, -0.0002760880432165929])\n",
      "('self.R ', [0.9997689102341567, -0.01734208259180962, 0.01270347592533397, 0.01736367050723946, 0.9998479742063816, -0.0015910442831515322, -0.012673952647959069, 0.0018112555793648362, 0.9999180417801768])\n",
      "None\n",
      "# oST version 5.0 parameters\n",
      "\n",
      "\n",
      "[image]\n",
      "\n",
      "width\n",
      "640\n",
      "\n",
      "height\n",
      "480\n",
      "\n",
      "[narrow_stereo/left]\n",
      "\n",
      "camera matrix\n",
      "587.932061 0.000000 315.704482\n",
      "0.000000 589.739751 267.244400\n",
      "0.000000 0.000000 1.000000\n",
      "\n",
      "distortion\n",
      "-0.046804 0.095039 0.005402 0.001648 0.000000\n",
      "\n",
      "rectification\n",
      "0.999448 0.022855 0.024098\n",
      "-0.022831 0.999738 -0.001303\n",
      "-0.024121 0.000752 0.999709\n",
      "\n",
      "projection\n",
      "674.439898 0.000000 299.834026 0.000000\n",
      "0.000000 674.439898 263.810417 0.000000\n",
      "0.000000 0.000000 1.000000 0.000000\n",
      "\n",
      "# oST version 5.0 parameters\n",
      "\n",
      "\n",
      "[image]\n",
      "\n",
      "width\n",
      "640\n",
      "\n",
      "height\n",
      "480\n",
      "\n",
      "[narrow_stereo/right]\n",
      "\n",
      "camera matrix\n",
      "605.585587 0.000000 309.409511\n",
      "0.000000 607.319267 257.132573\n",
      "0.000000 0.000000 1.000000\n",
      "\n",
      "distortion\n",
      "0.138031 -0.183003 0.004719 -0.004118 0.000000\n",
      "\n",
      "rectification\n",
      "0.999127 0.040168 0.011470\n",
      "-0.040179 0.999192 0.000797\n",
      "-0.011429 -0.001257 0.999934\n",
      "\n",
      "projection\n",
      "674.439898 0.000000 299.834026 -16.233849\n",
      "0.000000 674.439898 263.810417 0.000000\n",
      "0.000000 0.000000 1.000000 0.000000\n",
      "\n",
      "\n",
      "('Wrote calibration data to', '/tmp/calibrationdata.tar.gz')\n",
      "\n"
     ]
    }
   ],
   "source": [
    "with open(\"/tmp/calibration_output.txt\") as f:\n",
    "    text = f.read()\n",
    "print(text)"
   ]
  },
  {
   "cell_type": "code",
   "execution_count": 16,
   "metadata": {},
   "outputs": [
    {
     "data": {
      "text/plain": [
       "\"Wrote calibration data to', '/tmp/calibrationdata.tar.gz')\""
      ]
     },
     "execution_count": 16,
     "metadata": {},
     "output_type": "execute_result"
    }
   ],
   "source": [
    "re.search(r\"Wrote calibration.*?\\)\", text).group(0)"
   ]
  },
  {
   "cell_type": "code",
   "execution_count": null,
   "metadata": {},
   "outputs": [],
   "source": []
  }
 ],
 "metadata": {
  "kernelspec": {
   "display_name": "Python 2",
   "language": "python",
   "name": "python2"
  },
  "language_info": {
   "codemirror_mode": {
    "name": "ipython",
    "version": 2
   },
   "file_extension": ".py",
   "mimetype": "text/x-python",
   "name": "python",
   "nbconvert_exporter": "python",
   "pygments_lexer": "ipython2",
   "version": "2.7.12"
  }
 },
 "nbformat": 4,
 "nbformat_minor": 2
}
